39999031.39999031 1
39999031.30002532 1
39999031.30004701 0
39999031.30002981 0
39999031.30003646 1
39999031.30003002 0
39999031.30003649 0
39999031.30007192 0
39999031.30002989 0
39999031.30007858 0
39999031.30008142 0
39999031.30003000 0
39999031.30002991 0
39999031.30008173 0
39999031.30006465 0
39999031.30003020 0
39999031.30003813 0
39999031.30005146 0
39999031.30007097 1
39999031.30007008 1
39999031.30002990 0
39999031.30002962 0
39999031.30003006 0
39999031.30005483 0
39999031.30005002 0
39999031.30006719 0
39999031.30001483 0
39999031.30007348 0
39999031.30004646 0
39999031.30005139 0
39999031.30006671 0
39999031.30003018 0
39999031.30007662 1
39999031.30008728 0
39999031.30008083 0
39999031.30007169 0
39999031.30006774 0
39999031.30008666 0
39999031.30008775 0
39999031.30008699 1
39999031.30008347 0
39999031.30008774 0
39999031.30003818 0
39999031.30008624 0
39999031.30008654 0
39999031.30007897 0
39999031.30008444 0
39999031.30008348 0
39999031.30002978 0
39999031.30002979 0
39999031.30002985 0
39999031.30002141 0
39999031.30000547 0
39999031.30000414 0
39999031.30006535 0
39999031.30000077 0
30002532.39999031 1
30002532.30002532 1
30002532.30004701 0
30002532.30002981 0
30002532.30003646 1
30002532.30003002 0
30002532.30003649 0
30002532.30007192 0
30002532.30002989 0
30002532.30007858 0
30002532.30008142 0
30002532.30003000 0
30002532.30002991 0
30002532.30008173 0
30002532.30006465 0
30002532.30003020 0
30002532.30003813 0
30002532.30005146 0
30002532.30007097 1
30002532.30007008 1
30002532.30002990 0
30002532.30002962 0
30002532.30003006 0
30002532.30005483 0
30002532.30005002 0
30002532.30006719 0
30002532.30001483 0
30002532.30007348 0
30002532.30004646 0
30002532.30005139 0
30002532.30006671 0
30002532.30003018 0
30002532.30007662 1
30002532.30008728 0
30002532.30008083 0
30002532.30007169 0
30002532.30006774 0
30002532.30008666 0
30002532.30008775 0
30002532.30008699 1
30002532.30008347 0
30002532.30008774 0
30002532.30003818 0
30002532.30008624 0
30002532.30008654 0
30002532.30007897 0
30002532.30008444 0
30002532.30008348 0
30002532.30002978 0
30002532.30002979 0
30002532.30002985 0
30002532.30002141 0
30002532.30000547 0
30002532.30000414 0
30002532.30006535 0
30002532.30000077 0
30004701.39999031 0
30004701.30002532 0
30004701.30004701 1
30004701.30002981 0
30004701.30003646 0
30004701.30003002 0
30004701.30003649 0
30004701.30007192 0
30004701.30002989 1
30004701.30007858 0
30004701.30008142 1
30004701.30003000 1
30004701.30002991 1
30004701.30008173 0
30004701.30006465 0
30004701.30003020 0
30004701.30003813 0
30004701.30005146 0
30004701.30007097 0
30004701.30007008 0
30004701.30002990 1
30004701.30002962 1
30004701.30003006 1
30004701.30005483 0
30004701.30005002 0
30004701.30006719 0
30004701.30001483 1
30004701.30007348 0
30004701.30004646 1
30004701.30005139 1
30004701.30006671 0
30004701.30003018 1
30004701.30007662 0
30004701.30008728 0
30004701.30008083 1
30004701.30007169 0
30004701.30006774 0
30004701.30008666 0
30004701.30008775 1
30004701.30008699 0
30004701.30008347 1
30004701.30008774 1
30004701.30003818 1
30004701.30008624 0
30004701.30008654 0
30004701.30007897 1
30004701.30008444 0
30004701.30008348 1
30004701.30002978 0
30004701.30002979 1
30004701.30002985 0
30004701.30002141 0
30004701.30000547 1
30004701.30000414 0
30004701.30006535 0
30004701.30000077 1
30002981.39999031 0
30002981.30002532 0
30002981.30004701 0
30002981.30002981 1
30002981.30003646 0
30002981.30003002 0
30002981.30003649 0
30002981.30007192 0
30002981.30002989 0
30002981.30007858 0
30002981.30008142 0
30002981.30003000 0
30002981.30002991 0
30002981.30008173 0
30002981.30006465 0
30002981.30003020 0
30002981.30003813 0
30002981.30005146 0
30002981.30007097 0
30002981.30007008 0
30002981.30002990 0
30002981.30002962 0
30002981.30003006 0
30002981.30005483 0
30002981.30005002 0
30002981.30006719 0
30002981.30001483 0
30002981.30007348 0
30002981.30004646 0
30002981.30005139 0
30002981.30006671 0
30002981.30003018 0
30002981.30007662 0
30002981.30008728 1
30002981.30008083 0
30002981.30007169 0
30002981.30006774 0
30002981.30008666 1
30002981.30008775 0
30002981.30008699 1
30002981.30008347 0
30002981.30008774 0
30002981.30003818 0
30002981.30008624 0
30002981.30008654 0
30002981.30007897 0
30002981.30008444 0
30002981.30008348 0
30002981.30002978 0
30002981.30002979 0
30002981.30002985 0
30002981.30002141 1
30002981.30000547 0
30002981.30000414 0
30002981.30006535 0
30002981.30000077 0
30003646.39999031 1
30003646.30002532 1
30003646.30004701 0
30003646.30002981 0
30003646.30003646 1
30003646.30003002 0
30003646.30003649 0
30003646.30007192 0
30003646.30002989 0
30003646.30007858 0
30003646.30008142 0
30003646.30003000 0
30003646.30002991 0
30003646.30008173 0
30003646.30006465 0
30003646.30003020 0
30003646.30003813 0
30003646.30005146 0
30003646.30007097 1
30003646.30007008 1
30003646.30002990 0
30003646.30002962 0
30003646.30003006 0
30003646.30005483 0
30003646.30005002 0
30003646.30006719 0
30003646.30001483 0
30003646.30007348 0
30003646.30004646 0
30003646.30005139 0
30003646.30006671 0
30003646.30003018 0
30003646.30007662 1
30003646.30008728 0
30003646.30008083 0
30003646.30007169 0
30003646.30006774 0
30003646.30008666 0
30003646.30008775 0
30003646.30008699 1
30003646.30008347 0
30003646.30008774 0
30003646.30003818 0
30003646.30008624 0
30003646.30008654 0
30003646.30007897 0
30003646.30008444 0
30003646.30008348 0
30003646.30002978 0
30003646.30002979 0
30003646.30002985 0
30003646.30002141 0
30003646.30000547 0
30003646.30000414 0
30003646.30006535 0
30003646.30000077 0
30003002.39999031 0
30003002.30002532 0
30003002.30004701 0
30003002.30002981 0
30003002.30003646 0
30003002.30003002 1
30003002.30003649 1
30003002.30007192 0
30003002.30002989 0
30003002.30007858 1
30003002.30008142 0
30003002.30003000 0
30003002.30002991 0
30003002.30008173 1
30003002.30006465 1
30003002.30003020 1
30003002.30003813 1
30003002.30005146 0
30003002.30007097 0
30003002.30007008 0
30003002.30002990 0
30003002.30002962 0
30003002.30003006 0
30003002.30005483 1
30003002.30005002 1
30003002.30006719 1
30003002.30001483 0
30003002.30007348 0
30003002.30004646 0
30003002.30005139 0
30003002.30006671 1
30003002.30003018 0
30003002.30007662 0
30003002.30008728 0
30003002.30008083 0
30003002.30007169 0
30003002.30006774 0
30003002.30008666 0
30003002.30008775 0
30003002.30008699 0
30003002.30008347 0
30003002.30008774 0
30003002.30003818 0
30003002.30008624 1
30003002.30008654 1
30003002.30007897 0
30003002.30008444 1
30003002.30008348 0
30003002.30002978 1
30003002.30002979 0
30003002.30002985 1
30003002.30002141 0
30003002.30000547 0
30003002.30000414 1
30003002.30006535 1
30003002.30000077 0
30003649.39999031 0
30003649.30002532 0
30003649.30004701 0
30003649.30002981 0
30003649.30003646 0
30003649.30003002 1
30003649.30003649 0
30003649.30007192 0
30003649.30002989 0
30003649.30007858 1
30003649.30008142 0
30003649.30003000 0
30003649.30002991 0
30003649.30008173 1
30003649.30006465 1
30003649.30003020 1
30003649.30003813 1
30003649.30005146 0
30003649.30007097 0
30003649.30007008 0
30003649.30002990 0
30003649.30002962 0
30003649.30003006 0
30003649.30005483 1
30003649.30005002 1
30003649.30006719 1
30003649.30001483 0
30003649.30007348 0
30003649.30004646 0
30003649.30005139 0
30003649.30006671 1
30003649.30003018 0
30003649.30007662 0
30003649.30008728 0
30003649.30008083 0
30003649.30007169 0
30003649.30006774 0
30003649.30008666 0
30003649.30008775 0
30003649.30008699 0
30003649.30008347 0
30003649.30008774 0
30003649.30003818 0
30003649.30008624 1
30003649.30008654 0
30003649.30007897 0
30003649.30008444 1
30003649.30008348 0
30003649.30002978 1
30003649.30002979 0
30003649.30002985 1
30003649.30002141 0
30003649.30000547 0
30003649.30000414 1
30003649.30006535 1
30003649.30000077 0
30007192.39999031 0
30007192.30002532 0
30007192.30004701 0
30007192.30002981 0
30007192.30003646 0
30007192.30003002 0
30007192.30003649 0
30007192.30007192 1
30007192.30002989 0
30007192.30007858 0
30007192.30008142 0
30007192.30003000 0
30007192.30002991 1
30007192.30008173 0
30007192.30006465 0
30007192.30003020 0
30007192.30003813 0
30007192.30005146 0
30007192.30007097 0
30007192.30007008 0
30007192.30002990 1
30007192.30002962 0
30007192.30003006 0
30007192.30005483 0
30007192.30005002 0
30007192.30006719 0
30007192.30001483 0
30007192.30007348 0
30007192.30004646 0
30007192.30005139 0
30007192.30006671 0
30007192.30003018 1
30007192.30007662 0
30007192.30008728 0
30007192.30008083 0
30007192.30007169 1
30007192.30006774 0
30007192.30008666 0
30007192.30008775 0
30007192.30008699 0
30007192.30008347 0
30007192.30008774 0
30007192.30003818 0
30007192.30008624 0
30007192.30008654 0
30007192.30007897 0
30007192.30008444 0
30007192.30008348 0
30007192.30002978 0
30007192.30002979 0
30007192.30002985 0
30007192.30002141 0
30007192.30000547 0
30007192.30000414 0
30007192.30006535 0
30007192.30000077 0
30002989.39999031 0
30002989.30002532 0
30002989.30004701 1
30002989.30002981 0
30002989.30003646 0
30002989.30003002 0
30002989.30003649 0
30002989.30007192 0
30002989.30002989 1
30002989.30007858 0
30002989.30008142 1
30002989.30003000 1
30002989.30002991 1
30002989.30008173 0
30002989.30006465 0
30002989.30003020 0
30002989.30003813 0
30002989.30005146 0
30002989.30007097 0
30002989.30007008 0
30002989.30002990 1
30002989.30002962 1
30002989.30003006 1
30002989.30005483 0
30002989.30005002 0
30002989.30006719 0
30002989.30001483 1
30002989.30007348 0
30002989.30004646 1
30002989.30005139 1
30002989.30006671 0
30002989.30003018 1
30002989.30007662 0
30002989.30008728 0
30002989.30008083 1
30002989.30007169 0
30002989.30006774 0
30002989.30008666 0
30002989.30008775 1
30002989.30008699 0
30002989.30008347 1
30002989.30008774 1
30002989.30003818 1
30002989.30008624 0
30002989.30008654 0
30002989.30007897 1
30002989.30008444 0
30002989.30008348 1
30002989.30002978 0
30002989.30002979 1
30002989.30002985 0
30002989.30002141 0
30002989.30000547 1
30002989.30000414 0
30002989.30006535 0
30002989.30000077 1
30007858.39999031 0
30007858.30002532 0
30007858.30004701 0
30007858.30002981 0
30007858.30003646 0
30007858.30003002 1
30007858.30003649 1
30007858.30007192 0
30007858.30002989 0
30007858.30007858 1
30007858.30008142 0
30007858.30003000 0
30007858.30002991 0
30007858.30008173 1
30007858.30006465 1
30007858.30003020 1
30007858.30003813 1
30007858.30005146 0
30007858.30007097 0
30007858.30007008 0
30007858.30002990 0
30007858.30002962 0
30007858.30003006 0
30007858.30005483 1
30007858.30005002 1
30007858.30006719 1
30007858.30001483 0
30007858.30007348 0
30007858.30004646 0
30007858.30005139 0
30007858.30006671 1
30007858.30003018 0
30007858.30007662 0
30007858.30008728 0
30007858.30008083 0
30007858.30007169 0
30007858.30006774 0
30007858.30008666 0
30007858.30008775 0
30007858.30008699 0
30007858.30008347 0
30007858.30008774 0
30007858.30003818 0
30007858.30008624 1
30007858.30008654 1
30007858.30007897 0
30007858.30008444 1
30007858.30008348 0
30007858.30002978 1
30007858.30002979 0
30007858.30002985 1
30007858.30002141 0
30007858.30000547 0
30007858.30000414 1
30007858.30006535 1
30007858.30000077 0
30008142.39999031 0
30008142.30002532 0
30008142.30004701 1
30008142.30002981 0
30008142.30003646 0
30008142.30003002 0
30008142.30003649 0
30008142.30007192 0
30008142.30002989 1
30008142.30007858 0
30008142.30008142 1
30008142.30003000 1
30008142.30002991 1
30008142.30008173 0
30008142.30006465 0
30008142.30003020 0
30008142.30003813 0
30008142.30005146 0
30008142.30007097 0
30008142.30007008 0
30008142.30002990 1
30008142.30002962 1
30008142.30003006 0
30008142.30005483 0
30008142.30005002 0
30008142.30006719 0
30008142.30001483 1
30008142.30007348 0
30008142.30004646 1
30008142.30005139 0
30008142.30006671 0
30008142.30003018 0
30008142.30007662 0
30008142.30008728 0
30008142.30008083 0
30008142.30007169 0
30008142.30006774 0
30008142.30008666 0
30008142.30008775 0
30008142.30008699 0
30008142.30008347 1
30008142.30008774 0
30008142.30003818 0
30008142.30008624 0
30008142.30008654 0
30008142.30007897 0
30008142.30008444 0
30008142.30008348 0
30008142.30002978 0
30008142.30002979 0
30008142.30002985 0
30008142.30002141 0
30008142.30000547 1
30008142.30000414 0
30008142.30006535 0
30008142.30000077 1
30003000.39999031 0
30003000.30002532 0
30003000.30004701 1
30003000.30002981 0
30003000.30003646 0
30003000.30003002 0
30003000.30003649 0
30003000.30007192 0
30003000.30002989 1
30003000.30007858 0
30003000.30008142 1
30003000.30003000 1
30003000.30002991 1
30003000.30008173 0
30003000.30006465 0
30003000.30003020 0
30003000.30003813 0
30003000.30005146 0
30003000.30007097 0
30003000.30007008 0
30003000.30002990 1
30003000.30002962 1
30003000.30003006 1
30003000.30005483 0
30003000.30005002 0
30003000.30006719 0
30003000.30001483 1
30003000.30007348 0
30003000.30004646 1
30003000.30005139 1
30003000.30006671 0
30003000.30003018 1
30003000.30007662 0
30003000.30008728 0
30003000.30008083 1
30003000.30007169 0
30003000.30006774 0
30003000.30008666 0
30003000.30008775 1
30003000.30008699 0
30003000.30008347 1
30003000.30008774 1
30003000.30003818 1
30003000.30008624 0
30003000.30008654 0
30003000.30007897 1
30003000.30008444 0
30003000.30008348 1
30003000.30002978 0
30003000.30002979 1
30003000.30002985 0
30003000.30002141 0
30003000.30000547 1
30003000.30000414 0
30003000.30006535 0
30003000.30000077 1
30002991.39999031 0
30002991.30002532 0
30002991.30004701 1
30002991.30002981 0
30002991.30003646 0
30002991.30003002 0
30002991.30003649 0
30002991.30007192 1
30002991.30002989 1
30002991.30007858 0
30002991.30008142 1
30002991.30003000 1
30002991.30002991 1
30002991.30008173 0
30002991.30006465 0
30002991.30003020 0
30002991.30003813 0
30002991.30005146 1
30002991.30007097 0
30002991.30007008 0
30002991.30002990 1
30002991.30002962 1
30002991.30003006 1
30002991.30005483 0
30002991.30005002 0
30002991.30006719 0
30002991.30001483 1
30002991.30007348 1
30002991.30004646 1
30002991.30005139 1
30002991.30006671 0
30002991.30003018 1
30002991.30007662 0
30002991.30008728 0
30002991.30008083 1
30002991.30007169 1
30002991.30006774 1
30002991.30008666 0
30002991.30008775 1
30002991.30008699 0
30002991.30008347 1
30002991.30008774 1
30002991.30003818 1
30002991.30008624 0
30002991.30008654 0
30002991.30007897 1
30002991.30008444 0
30002991.30008348 1
30002991.30002978 0
30002991.30002979 1
30002991.30002985 0
30002991.30002141 0
30002991.30000547 1
30002991.30000414 0
30002991.30006535 0
30002991.30000077 1
30008173.39999031 0
30008173.30002532 0
30008173.30004701 0
30008173.30002981 0
30008173.30003646 0
30008173.30003002 1
30008173.30003649 1
30008173.30007192 0
30008173.30002989 0
30008173.30007858 1
30008173.30008142 0
30008173.30003000 0
30008173.30002991 0
30008173.30008173 1
30008173.30006465 1
30008173.30003020 1
30008173.30003813 1
30008173.30005146 0
30008173.30007097 0
30008173.30007008 0
30008173.30002990 0
30008173.30002962 0
30008173.30003006 0
30008173.30005483 1
30008173.30005002 1
30008173.30006719 1
30008173.30001483 0
30008173.30007348 0
30008173.30004646 0
30008173.30005139 0
30008173.30006671 1
30008173.30003018 0
30008173.30007662 0
30008173.30008728 0
30008173.30008083 0
30008173.30007169 0
30008173.30006774 0
30008173.30008666 0
30008173.30008775 0
30008173.30008699 0
30008173.30008347 0
30008173.30008774 0
30008173.30003818 0
30008173.30008624 1
30008173.30008654 1
30008173.30007897 0
30008173.30008444 1
30008173.30008348 0
30008173.30002978 1
30008173.30002979 0
30008173.30002985 1
30008173.30002141 0
30008173.30000547 0
30008173.30000414 1
30008173.30006535 1
30008173.30000077 0
30006465.39999031 0
30006465.30002532 0
30006465.30004701 0
30006465.30002981 0
30006465.30003646 0
30006465.30003002 1
30006465.30003649 1
30006465.30007192 0
30006465.30002989 0
30006465.30007858 1
30006465.30008142 0
30006465.30003000 0
30006465.30002991 0
30006465.30008173 1
30006465.30006465 1
30006465.30003020 1
30006465.30003813 1
30006465.30005146 0
30006465.30007097 0
30006465.30007008 0
30006465.30002990 0
30006465.30002962 0
30006465.30003006 0
30006465.30005483 1
30006465.30005002 1
30006465.30006719 1
30006465.30001483 0
30006465.30007348 0
30006465.30004646 0
30006465.30005139 0
30006465.30006671 1
30006465.30003018 0
30006465.30007662 0
30006465.30008728 0
30006465.30008083 0
30006465.30007169 0
30006465.30006774 0
30006465.30008666 0
30006465.30008775 0
30006465.30008699 0
30006465.30008347 0
30006465.30008774 0
30006465.30003818 0
30006465.30008624 1
30006465.30008654 1
30006465.30007897 0
30006465.30008444 1
30006465.30008348 0
30006465.30002978 1
30006465.30002979 0
30006465.30002985 1
30006465.30002141 0
30006465.30000547 0
30006465.30000414 1
30006465.30006535 1
30006465.30000077 0
30003020.39999031 0
30003020.30002532 0
30003020.30004701 0
30003020.30002981 0
30003020.30003646 0
30003020.30003002 1
30003020.30003649 1
30003020.30007192 0
30003020.30002989 0
30003020.30007858 1
30003020.30008142 0
30003020.30003000 0
30003020.30002991 0
30003020.30008173 1
30003020.30006465 1
30003020.30003020 1
30003020.30003813 1
30003020.30005146 0
30003020.30007097 0
30003020.30007008 0
30003020.30002990 0
30003020.30002962 0
30003020.30003006 0
30003020.30005483 1
30003020.30005002 1
30003020.30006719 1
30003020.30001483 0
30003020.30007348 0
30003020.30004646 0
30003020.30005139 0
30003020.30006671 1
30003020.30003018 0
30003020.30007662 0
30003020.30008728 0
30003020.30008083 0
30003020.30007169 0
30003020.30006774 0
30003020.30008666 0
30003020.30008775 0
30003020.30008699 0
30003020.30008347 0
30003020.30008774 0
30003020.30003818 0
30003020.30008624 1
30003020.30008654 1
30003020.30007897 0
30003020.30008444 1
30003020.30008348 0
30003020.30002978 1
30003020.30002979 0
30003020.30002985 1
30003020.30002141 0
30003020.30000547 0
30003020.30000414 1
30003020.30006535 1
30003020.30000077 0
30003813.39999031 0
30003813.30002532 0
30003813.30004701 0
30003813.30002981 0
30003813.30003646 0
30003813.30003002 1
30003813.30003649 1
30003813.30007192 0
30003813.30002989 0
30003813.30007858 1
30003813.30008142 0
30003813.30003000 0
30003813.30002991 0
30003813.30008173 1
30003813.30006465 1
30003813.30003020 1
30003813.30003813 1
30003813.30005146 0
30003813.30007097 0
30003813.30007008 0
30003813.30002990 0
30003813.30002962 0
30003813.30003006 0
30003813.30005483 1
30003813.30005002 1
30003813.30006719 1
30003813.30001483 0
30003813.30007348 0
30003813.30004646 0
30003813.30005139 0
30003813.30006671 1
30003813.30003018 0
30003813.30007662 0
30003813.30008728 0
30003813.30008083 0
30003813.30007169 0
30003813.30006774 0
30003813.30008666 0
30003813.30008775 0
30003813.30008699 0
30003813.30008347 0
30003813.30008774 0
30003813.30003818 0
30003813.30008624 1
30003813.30008654 1
30003813.30007897 0
30003813.30008444 1
30003813.30008348 0
30003813.30002978 1
30003813.30002979 0
30003813.30002985 1
30003813.30002141 0
30003813.30000547 0
30003813.30000414 1
30003813.30006535 1
30003813.30000077 0
30005146.39999031 0
30005146.30002532 0
30005146.30004701 0
30005146.30002981 0
30005146.30003646 0
30005146.30003002 0
30005146.30003649 0
30005146.30007192 0
30005146.30002989 0
30005146.30007858 0
30005146.30008142 0
30005146.30003000 0
30005146.30002991 1
30005146.30008173 0
30005146.30006465 0
30005146.30003020 0
30005146.30003813 0
30005146.30005146 1
30005146.30007097 0
30005146.30007008 0
30005146.30002990 1
30005146.30002962 0
30005146.30003006 0
30005146.30005483 0
30005146.30005002 0
30005146.30006719 0
30005146.30001483 0
30005146.30007348 1
30005146.30004646 0
30005146.30005139 0
30005146.30006671 0
30005146.30003018 1
30005146.30007662 0
30005146.30008728 0
30005146.30008083 0
30005146.30007169 0
30005146.30006774 1
30005146.30008666 0
30005146.30008775 0
30005146.30008699 0
30005146.30008347 0
30005146.30008774 0
30005146.30003818 0
30005146.30008624 0
30005146.30008654 0
30005146.30007897 0
30005146.30008444 0
30005146.30008348 0
30005146.30002978 0
30005146.30002979 0
30005146.30002985 0
30005146.30002141 0
30005146.30000547 0
30005146.30000414 0
30005146.30006535 0
30005146.30000077 0
30007097.39999031 1
30007097.30002532 1
30007097.30004701 0
30007097.30002981 0
30007097.30003646 1
30007097.30003002 0
30007097.30003649 0
30007097.30007192 0
30007097.30002989 0
30007097.30007858 0
30007097.30008142 0
30007097.30003000 0
30007097.30002991 0
30007097.30008173 0
30007097.30006465 0
30007097.30003020 0
30007097.30003813 0
30007097.30005146 0
30007097.30007097 1
30007097.30007008 1
30007097.30002990 0
30007097.30002962 0
30007097.30003006 0
30007097.30005483 0
30007097.30005002 0
30007097.30006719 0
30007097.30001483 0
30007097.30007348 0
30007097.30004646 0
30007097.30005139 0
30007097.30006671 0
30007097.30003018 0
30007097.30007662 1
30007097.30008728 0
30007097.30008083 0
30007097.30007169 0
30007097.30006774 0
30007097.30008666 0
30007097.30008775 0
30007097.30008699 1
30007097.30008347 0
30007097.30008774 0
30007097.30003818 0
30007097.30008624 0
30007097.30008654 0
30007097.30007897 0
30007097.30008444 0
30007097.30008348 0
30007097.30002978 0
30007097.30002979 0
30007097.30002985 0
30007097.30002141 0
30007097.30000547 0
30007097.30000414 0
30007097.30006535 0
30007097.30000077 0
30007008.39999031 1
30007008.30002532 1
30007008.30004701 0
30007008.30002981 0
30007008.30003646 1
30007008.30003002 0
30007008.30003649 0
30007008.30007192 0
30007008.30002989 0
30007008.30007858 0
30007008.30008142 0
30007008.30003000 0
30007008.30002991 0
30007008.30008173 0
30007008.30006465 0
30007008.30003020 0
30007008.30003813 0
30007008.30005146 0
30007008.30007097 1
30007008.30007008 1
30007008.30002990 0
30007008.30002962 0
30007008.30003006 0
30007008.30005483 0
30007008.30005002 0
30007008.30006719 0
30007008.30001483 0
30007008.30007348 0
30007008.30004646 0
30007008.30005139 0
30007008.30006671 0
30007008.30003018 0
30007008.30007662 1
30007008.30008728 0
30007008.30008083 0
30007008.30007169 0
30007008.30006774 0
30007008.30008666 0
30007008.30008775 0
30007008.30008699 1
30007008.30008347 0
30007008.30008774 0
30007008.30003818 0
30007008.30008624 0
30007008.30008654 0
30007008.30007897 0
30007008.30008444 0
30007008.30008348 0
30007008.30002978 0
30007008.30002979 0
30007008.30002985 0
30007008.30002141 0
30007008.30000547 0
30007008.30000414 0
30007008.30006535 0
30007008.30000077 0
30002990.39999031 0
30002990.30002532 0
30002990.30004701 1
30002990.30002981 0
30002990.30003646 0
30002990.30003002 0
30002990.30003649 0
30002990.30007192 1
30002990.30002989 1
30002990.30007858 0
30002990.30008142 1
30002990.30003000 1
30002990.30002991 1
30002990.30008173 0
30002990.30006465 0
30002990.30003020 0
30002990.30003813 0
30002990.30005146 1
30002990.30007097 0
30002990.30007008 0
30002990.30002990 1
30002990.30002962 1
30002990.30003006 1
30002990.30005483 0
30002990.30005002 0
30002990.30006719 0
30002990.30001483 1
30002990.30007348 1
30002990.30004646 1
30002990.30005139 1
30002990.30006671 0
30002990.30003018 1
30002990.30007662 0
30002990.30008728 0
30002990.30008083 1
30002990.30007169 1
30002990.30006774 1
30002990.30008666 0
30002990.30008775 1
30002990.30008699 0
30002990.30008347 1
30002990.30008774 1
30002990.30003818 1
30002990.30008624 0
30002990.30008654 0
30002990.30007897 1
30002990.30008444 0
30002990.30008348 1
30002990.30002978 0
30002990.30002979 1
30002990.30002985 0
30002990.30002141 0
30002990.30000547 1
30002990.30000414 0
30002990.30006535 0
30002990.30000077 1
30002962.39999031 0
30002962.30002532 0
30002962.30004701 1
30002962.30002981 0
30002962.30003646 0
30002962.30003002 0
30002962.30003649 0
30002962.30007192 0
30002962.30002989 1
30002962.30007858 0
30002962.30008142 1
30002962.30003000 1
30002962.30002991 1
30002962.30008173 0
30002962.30006465 0
30002962.30003020 0
30002962.30003813 0
30002962.30005146 0
30002962.30007097 0
30002962.30007008 0
30002962.30002990 1
30002962.30002962 1
30002962.30003006 1
30002962.30005483 0
30002962.30005002 0
30002962.30006719 0
30002962.30001483 1
30002962.30007348 0
30002962.30004646 1
30002962.30005139 1
30002962.30006671 0
30002962.30003018 1
30002962.30007662 0
30002962.30008728 0
30002962.30008083 1
30002962.30007169 0
30002962.30006774 0
30002962.30008666 0
30002962.30008775 1
30002962.30008699 0
30002962.30008347 1
30002962.30008774 1
30002962.30003818 1
30002962.30008624 0
30002962.30008654 0
30002962.30007897 1
30002962.30008444 0
30002962.30008348 1
30002962.30002978 0
30002962.30002979 1
30002962.30002985 0
30002962.30002141 0
30002962.30000547 1
30002962.30000414 0
30002962.30006535 0
30002962.30000077 1
30003006.39999031 0
30003006.30002532 0
30003006.30004701 1
30003006.30002981 0
30003006.30003646 0
30003006.30003002 0
30003006.30003649 0
30003006.30007192 0
30003006.30002989 1
30003006.30007858 0
30003006.30008142 0
30003006.30003000 1
30003006.30002991 1
30003006.30008173 0
30003006.30006465 0
30003006.30003020 0
30003006.30003813 0
30003006.30005146 0
30003006.30007097 0
30003006.30007008 0
30003006.30002990 1
30003006.30002962 1
30003006.30003006 1
30003006.30005483 0
30003006.30005002 0
30003006.30006719 0
30003006.30001483 1
30003006.30007348 0
30003006.30004646 1
30003006.30005139 0
30003006.30006671 0
30003006.30003018 1
30003006.30007662 0
30003006.30008728 0
30003006.30008083 0
30003006.30007169 0
30003006.30006774 0
30003006.30008666 0
30003006.30008775 1
30003006.30008699 0
30003006.30008347 1
30003006.30008774 1
30003006.30003818 0
30003006.30008624 0
30003006.30008654 0
30003006.30007897 0
30003006.30008444 0
30003006.30008348 1
30003006.30002978 0
30003006.30002979 1
30003006.30002985 0
30003006.30002141 0
30003006.30000547 1
30003006.30000414 0
30003006.30006535 0
30003006.30000077 1
30005483.39999031 0
30005483.30002532 0
30005483.30004701 0
30005483.30002981 0
30005483.30003646 0
30005483.30003002 1
30005483.30003649 1
30005483.30007192 0
30005483.30002989 0
30005483.30007858 1
30005483.30008142 0
30005483.30003000 0
30005483.30002991 0
30005483.30008173 1
30005483.30006465 1
30005483.30003020 1
30005483.30003813 1
30005483.30005146 0
30005483.30007097 0
30005483.30007008 0
30005483.30002990 0
30005483.30002962 0
30005483.30003006 0
30005483.30005483 1
30005483.30005002 1
30005483.30006719 1
30005483.30001483 0
30005483.30007348 0
30005483.30004646 0
30005483.30005139 0
30005483.30006671 1
30005483.30003018 0
30005483.30007662 0
30005483.30008728 0
30005483.30008083 0
30005483.30007169 0
30005483.30006774 0
30005483.30008666 0
30005483.30008775 0
30005483.30008699 0
30005483.30008347 0
30005483.30008774 0
30005483.30003818 0
30005483.30008624 1
30005483.30008654 1
30005483.30007897 0
30005483.30008444 1
30005483.30008348 0
30005483.30002978 1
30005483.30002979 0
30005483.30002985 1
30005483.30002141 0
30005483.30000547 0
30005483.30000414 1
30005483.30006535 1
30005483.30000077 0
30005002.39999031 0
30005002.30002532 0
30005002.30004701 0
30005002.30002981 0
30005002.30003646 0
30005002.30003002 1
30005002.30003649 1
30005002.30007192 0
30005002.30002989 0
30005002.30007858 1
30005002.30008142 0
30005002.30003000 0
30005002.30002991 0
30005002.30008173 1
30005002.30006465 1
30005002.30003020 1
30005002.30003813 1
30005002.30005146 0
30005002.30007097 0
30005002.30007008 0
30005002.30002990 0
30005002.30002962 0
30005002.30003006 0
30005002.30005483 1
30005002.30005002 1
30005002.30006719 1
30005002.30001483 0
30005002.30007348 0
30005002.30004646 0
30005002.30005139 0
30005002.30006671 1
30005002.30003018 0
30005002.30007662 0
30005002.30008728 0
30005002.30008083 0
30005002.30007169 0
30005002.30006774 0
30005002.30008666 0
30005002.30008775 0
30005002.30008699 0
30005002.30008347 0
30005002.30008774 0
30005002.30003818 0
30005002.30008624 1
30005002.30008654 1
30005002.30007897 0
30005002.30008444 1
30005002.30008348 0
30005002.30002978 1
30005002.30002979 0
30005002.30002985 1
30005002.30002141 0
30005002.30000547 0
30005002.30000414 1
30005002.30006535 1
30005002.30000077 0
30006719.39999031 0
30006719.30002532 0
30006719.30004701 0
30006719.30002981 0
30006719.30003646 0
30006719.30003002 1
30006719.30003649 1
30006719.30007192 0
30006719.30002989 0
30006719.30007858 1
30006719.30008142 0
30006719.30003000 0
30006719.30002991 0
30006719.30008173 1
30006719.30006465 1
30006719.30003020 1
30006719.30003813 1
30006719.30005146 0
30006719.30007097 0
30006719.30007008 0
30006719.30002990 0
30006719.30002962 0
30006719.30003006 0
30006719.30005483 1
30006719.30005002 1
30006719.30006719 1
30006719.30001483 0
30006719.30007348 0
30006719.30004646 0
30006719.30005139 0
30006719.30006671 1
30006719.30003018 0
30006719.30007662 0
30006719.30008728 0
30006719.30008083 0
30006719.30007169 0
30006719.30006774 0
30006719.30008666 0
30006719.30008775 0
30006719.30008699 0
30006719.30008347 0
30006719.30008774 0
30006719.30003818 0
30006719.30008624 1
30006719.30008654 1
30006719.30007897 0
30006719.30008444 1
30006719.30008348 0
30006719.30002978 1
30006719.30002979 0
30006719.30002985 1
30006719.30002141 0
30006719.30000547 0
30006719.30000414 1
30006719.30006535 1
30006719.30000077 0
30001483.39999031 0
30001483.30002532 0
30001483.30004701 1
30001483.30002981 0
30001483.30003646 0
30001483.30003002 0
30001483.30003649 0
30001483.30007192 0
30001483.30002989 1
30001483.30007858 0
30001483.30008142 1
30001483.30003000 1
30001483.30002991 1
30001483.30008173 0
30001483.30006465 0
30001483.30003020 0
30001483.30003813 0
30001483.30005146 0
30001483.30007097 0
30001483.30007008 0
30001483.30002990 1
30001483.30002962 1
30001483.30003006 1
30001483.30005483 0
30001483.30005002 0
30001483.30006719 0
30001483.30001483 1
30001483.30007348 0
30001483.30004646 1
30001483.30005139 1
30001483.30006671 0
30001483.30003018 1
30001483.30007662 0
30001483.30008728 0
30001483.30008083 1
30001483.30007169 0
30001483.30006774 0
30001483.30008666 0
30001483.30008775 1
30001483.30008699 0
30001483.30008347 1
30001483.30008774 1
30001483.30003818 1
30001483.30008624 0
30001483.30008654 0
30001483.30007897 1
30001483.30008444 0
30001483.30008348 1
30001483.30002978 0
30001483.30002979 1
30001483.30002985 0
30001483.30002141 0
30001483.30000547 1
30001483.30000414 0
30001483.30006535 0
30001483.30000077 1
30007348.39999031 0
30007348.30002532 0
30007348.30004701 0
30007348.30002981 0
30007348.30003646 0
30007348.30003002 0
30007348.30003649 0
30007348.30007192 0
30007348.30002989 0
30007348.30007858 0
30007348.30008142 0
30007348.30003000 0
30007348.30002991 1
30007348.30008173 0
30007348.30006465 0
30007348.30003020 0
30007348.30003813 0
30007348.30005146 1
30007348.30007097 0
30007348.30007008 0
30007348.30002990 1
30007348.30002962 0
30007348.30003006 0
30007348.30005483 0
30007348.30005002 0
30007348.30006719 0
30007348.30001483 0
30007348.30007348 1
30007348.30004646 0
30007348.30005139 0
30007348.30006671 0
30007348.30003018 1
30007348.30007662 0
30007348.30008728 0
30007348.30008083 0
30007348.30007169 0
30007348.30006774 1
30007348.30008666 0
30007348.30008775 0
30007348.30008699 0
30007348.30008347 0
30007348.30008774 0
30007348.30003818 0
30007348.30008624 0
30007348.30008654 0
30007348.30007897 0
30007348.30008444 0
30007348.30008348 0
30007348.30002978 0
30007348.30002979 0
30007348.30002985 0
30007348.30002141 0
30007348.30000547 0
30007348.30000414 0
30007348.30006535 0
30007348.30000077 0
30004646.39999031 0
30004646.30002532 0
30004646.30004701 1
30004646.30002981 0
30004646.30003646 0
30004646.30003002 0
30004646.30003649 0
30004646.30007192 0
30004646.30002989 1
30004646.30007858 0
30004646.30008142 1
30004646.30003000 1
30004646.30002991 1
30004646.30008173 0
30004646.30006465 0
30004646.30003020 0
30004646.30003813 0
30004646.30005146 0
30004646.30007097 0
30004646.30007008 0
30004646.30002990 1
30004646.30002962 1
30004646.30003006 1
30004646.30005483 0
30004646.30005002 0
30004646.30006719 0
30004646.30001483 1
30004646.30007348 0
30004646.30004646 1
30004646.30005139 0
30004646.30006671 0
30004646.30003018 1
30004646.30007662 0
30004646.30008728 0
30004646.30008083 0
30004646.30007169 0
30004646.30006774 0
30004646.30008666 0
30004646.30008775 1
30004646.30008699 0
30004646.30008347 1
30004646.30008774 1
30004646.30003818 0
30004646.30008624 0
30004646.30008654 0
30004646.30007897 0
30004646.30008444 0
30004646.30008348 1
30004646.30002978 0
30004646.30002979 1
30004646.30002985 0
30004646.30002141 0
30004646.30000547 1
30004646.30000414 0
30004646.30006535 0
30004646.30000077 1
30005139.39999031 0
30005139.30002532 0
30005139.30004701 1
30005139.30002981 0
30005139.30003646 0
30005139.30003002 0
30005139.30003649 0
30005139.30007192 0
30005139.30002989 1
30005139.30007858 0
30005139.30008142 0
30005139.30003000 1
30005139.30002991 1
30005139.30008173 0
30005139.30006465 0
30005139.30003020 0
30005139.30003813 0
30005139.30005146 0
30005139.30007097 0
30005139.30007008 0
30005139.30002990 1
30005139.30002962 1
30005139.30003006 0
30005139.30005483 0
30005139.30005002 0
30005139.30006719 0
30005139.30001483 1
30005139.30007348 0
30005139.30004646 0
30005139.30005139 1
30005139.30006671 0
30005139.30003018 1
30005139.30007662 0
30005139.30008728 0
30005139.30008083 0
30005139.30007169 0
30005139.30006774 0
30005139.30008666 0
30005139.30008775 0
30005139.30008699 0
30005139.30008347 0
30005139.30008774 0
30005139.30003818 0
30005139.30008624 0
30005139.30008654 0
30005139.30007897 0
30005139.30008444 0
30005139.30008348 0
30005139.30002978 0
30005139.30002979 0
30005139.30002985 0
30005139.30002141 0
30005139.30000547 1
30005139.30000414 0
30005139.30006535 0
30005139.30000077 1
30006671.39999031 0
30006671.30002532 0
30006671.30004701 0
30006671.30002981 0
30006671.30003646 0
30006671.30003002 1
30006671.30003649 1
30006671.30007192 0
30006671.30002989 0
30006671.30007858 1
30006671.30008142 0
30006671.30003000 0
30006671.30002991 0
30006671.30008173 1
30006671.30006465 1
30006671.30003020 1
30006671.30003813 1
30006671.30005146 0
30006671.30007097 0
30006671.30007008 0
30006671.30002990 0
30006671.30002962 0
30006671.30003006 0
30006671.30005483 1
30006671.30005002 1
30006671.30006719 1
30006671.30001483 0
30006671.30007348 0
30006671.30004646 0
30006671.30005139 0
30006671.30006671 1
30006671.30003018 0
30006671.30007662 0
30006671.30008728 0
30006671.30008083 0
30006671.30007169 0
30006671.30006774 0
30006671.30008666 0
30006671.30008775 0
30006671.30008699 0
30006671.30008347 0
30006671.30008774 0
30006671.30003818 0
30006671.30008624 1
30006671.30008654 1
30006671.30007897 0
30006671.30008444 1
30006671.30008348 0
30006671.30002978 1
30006671.30002979 0
30006671.30002985 1
30006671.30002141 0
30006671.30000547 0
30006671.30000414 1
30006671.30006535 1
30006671.30000077 0
30003018.39999031 0
30003018.30002532 0
30003018.30004701 1
30003018.30002981 0
30003018.30003646 0
30003018.30003002 0
30003018.30003649 0
30003018.30007192 1
30003018.30002989 1
30003018.30007858 0
30003018.30008142 0
30003018.30003000 1
30003018.30002991 1
30003018.30008173 0
30003018.30006465 0
30003018.30003020 0
30003018.30003813 0
30003018.30005146 1
30003018.30007097 0
30003018.30007008 0
30003018.30002990 1
30003018.30002962 1
30003018.30003006 1
30003018.30005483 0
30003018.30005002 0
30003018.30006719 0
30003018.30001483 1
30003018.30007348 1
30003018.30004646 1
30003018.30005139 1
30003018.30006671 0
30003018.30003018 1
30003018.30007662 0
30003018.30008728 0
30003018.30008083 1
30003018.30007169 1
30003018.30006774 1
30003018.30008666 0
30003018.30008775 1
30003018.30008699 0
30003018.30008347 1
30003018.30008774 1
30003018.30003818 1
30003018.30008624 0
30003018.30008654 0
30003018.30007897 1
30003018.30008444 0
30003018.30008348 1
30003018.30002978 0
30003018.30002979 1
30003018.30002985 0
30003018.30002141 0
30003018.30000547 1
30003018.30000414 0
30003018.30006535 0
30003018.30000077 1
30007662.39999031 1
30007662.30002532 1
30007662.30004701 0
30007662.30002981 0
30007662.30003646 1
30007662.30003002 0
30007662.30003649 0
30007662.30007192 0
30007662.30002989 0
30007662.30007858 0
30007662.30008142 0
30007662.30003000 0
30007662.30002991 0
30007662.30008173 0
30007662.30006465 0
30007662.30003020 0
30007662.30003813 0
30007662.30005146 0
30007662.30007097 1
30007662.30007008 1
30007662.30002990 0
30007662.30002962 0
30007662.30003006 0
30007662.30005483 0
30007662.30005002 0
30007662.30006719 0
30007662.30001483 0
30007662.30007348 0
30007662.30004646 0
30007662.30005139 0
30007662.30006671 0
30007662.30003018 0
30007662.30007662 1
30007662.30008728 0
30007662.30008083 0
30007662.30007169 0
30007662.30006774 0
30007662.30008666 0
30007662.30008775 0
30007662.30008699 1
30007662.30008347 0
30007662.30008774 0
30007662.30003818 0
30007662.30008624 0
30007662.30008654 0
30007662.30007897 0
30007662.30008444 0
30007662.30008348 0
30007662.30002978 0
30007662.30002979 0
30007662.30002985 0
30007662.30002141 0
30007662.30000547 0
30007662.30000414 0
30007662.30006535 0
30007662.30000077 0
30008728.39999031 0
30008728.30002532 0
30008728.30004701 0
30008728.30002981 1
30008728.30003646 0
30008728.30003002 0
30008728.30003649 0
30008728.30007192 0
30008728.30002989 0
30008728.30007858 0
30008728.30008142 0
30008728.30003000 0
30008728.30002991 0
30008728.30008173 0
30008728.30006465 0
30008728.30003020 0
30008728.30003813 0
30008728.30005146 0
30008728.30007097 0
30008728.30007008 0
30008728.30002990 0
30008728.30002962 0
30008728.30003006 0
30008728.30005483 0
30008728.30005002 0
30008728.30006719 0
30008728.30001483 0
30008728.30007348 0
30008728.30004646 0
30008728.30005139 0
30008728.30006671 0
30008728.30003018 0
30008728.30007662 0
30008728.30008728 1
30008728.30008083 0
30008728.30007169 0
30008728.30006774 0
30008728.30008666 1
30008728.30008775 0
30008728.30008699 1
30008728.30008347 0
30008728.30008774 0
30008728.30003818 0
30008728.30008624 0
30008728.30008654 0
30008728.30007897 0
30008728.30008444 0
30008728.30008348 0
30008728.30002978 0
30008728.30002979 0
30008728.30002985 0
30008728.30002141 1
30008728.30000547 0
30008728.30000414 0
30008728.30006535 0
30008728.30000077 0
30008083.39999031 0
30008083.30002532 0
30008083.30004701 1
30008083.30002981 0
30008083.30003646 0
30008083.30003002 0
30008083.30003649 0
30008083.30007192 0
30008083.30002989 1
30008083.30007858 0
30008083.30008142 0
30008083.30003000 1
30008083.30002991 1
30008083.30008173 0
30008083.30006465 0
30008083.30003020 0
30008083.30003813 0
30008083.30005146 0
30008083.30007097 0
30008083.30007008 0
30008083.30002990 1
30008083.30002962 1
30008083.30003006 0
30008083.30005483 0
30008083.30005002 0
30008083.30006719 0
30008083.30001483 1
30008083.30007348 0
30008083.30004646 0
30008083.30005139 0
30008083.30006671 0
30008083.30003018 1
30008083.30007662 0
30008083.30008728 0
30008083.30008083 1
30008083.30007169 0
30008083.30006774 0
30008083.30008666 0
30008083.30008775 1
30008083.30008699 0
30008083.30008347 0
30008083.30008774 0
30008083.30003818 1
30008083.30008624 0
30008083.30008654 0
30008083.30007897 1
30008083.30008444 0
30008083.30008348 0
30008083.30002978 0
30008083.30002979 0
30008083.30002985 0
30008083.30002141 0
30008083.30000547 1
30008083.30000414 0
30008083.30006535 0
30008083.30000077 1
30007169.39999031 0
30007169.30002532 0
30007169.30004701 0
30007169.30002981 0
30007169.30003646 0
30007169.30003002 0
30007169.30003649 0
30007169.30007192 1
30007169.30002989 0
30007169.30007858 0
30007169.30008142 0
30007169.30003000 0
30007169.30002991 1
30007169.30008173 0
30007169.30006465 0
30007169.30003020 0
30007169.30003813 0
30007169.30005146 0
30007169.30007097 0
30007169.30007008 0
30007169.30002990 1
30007169.30002962 0
30007169.30003006 0
30007169.30005483 0
30007169.30005002 0
30007169.30006719 0
30007169.30001483 0
30007169.30007348 0
30007169.30004646 0
30007169.30005139 0
30007169.30006671 0
30007169.30003018 1
30007169.30007662 0
30007169.30008728 0
30007169.30008083 0
30007169.30007169 1
30007169.30006774 0
30007169.30008666 0
30007169.30008775 0
30007169.30008699 0
30007169.30008347 0
30007169.30008774 0
30007169.30003818 0
30007169.30008624 0
30007169.30008654 0
30007169.30007897 0
30007169.30008444 0
30007169.30008348 0
30007169.30002978 0
30007169.30002979 0
30007169.30002985 0
30007169.30002141 0
30007169.30000547 0
30007169.30000414 0
30007169.30006535 0
30007169.30000077 0
30006774.39999031 0
30006774.30002532 0
30006774.30004701 0
30006774.30002981 0
30006774.30003646 0
30006774.30003002 0
30006774.30003649 0
30006774.30007192 0
30006774.30002989 0
30006774.30007858 0
30006774.30008142 0
30006774.30003000 0
30006774.30002991 1
30006774.30008173 0
30006774.30006465 0
30006774.30003020 0
30006774.30003813 0
30006774.30005146 1
30006774.30007097 0
30006774.30007008 0
30006774.30002990 1
30006774.30002962 0
30006774.30003006 0
30006774.30005483 0
30006774.30005002 0
30006774.30006719 0
30006774.30001483 0
30006774.30007348 1
30006774.30004646 0
30006774.30005139 0
30006774.30006671 0
30006774.30003018 1
30006774.30007662 0
30006774.30008728 0
30006774.30008083 0
30006774.30007169 0
30006774.30006774 1
30006774.30008666 0
30006774.30008775 0
30006774.30008699 0
30006774.30008347 0
30006774.30008774 0
30006774.30003818 0
30006774.30008624 0
30006774.30008654 0
30006774.30007897 0
30006774.30008444 0
30006774.30008348 0
30006774.30002978 0
30006774.30002979 0
30006774.30002985 0
30006774.30002141 0
30006774.30000547 0
30006774.30000414 0
30006774.30006535 0
30006774.30000077 0
30008666.39999031 0
30008666.30002532 0
30008666.30004701 0
30008666.30002981 1
30008666.30003646 0
30008666.30003002 0
30008666.30003649 0
30008666.30007192 0
30008666.30002989 0
30008666.30007858 0
30008666.30008142 0
30008666.30003000 0
30008666.30002991 0
30008666.30008173 0
30008666.30006465 0
30008666.30003020 0
30008666.30003813 0
30008666.30005146 0
30008666.30007097 0
30008666.30007008 0
30008666.30002990 0
30008666.30002962 0
30008666.30003006 0
30008666.30005483 0
30008666.30005002 0
30008666.30006719 0
30008666.30001483 0
30008666.30007348 0
30008666.30004646 0
30008666.30005139 0
30008666.30006671 0
30008666.30003018 0
30008666.30007662 0
30008666.30008728 1
30008666.30008083 0
30008666.30007169 0
30008666.30006774 0
30008666.30008666 1
30008666.30008775 0
30008666.30008699 1
30008666.30008347 0
30008666.30008774 0
30008666.30003818 0
30008666.30008624 0
30008666.30008654 0
30008666.30007897 0
30008666.30008444 0
30008666.30008348 0
30008666.30002978 0
30008666.30002979 0
30008666.30002985 0
30008666.30002141 1
30008666.30000547 0
30008666.30000414 0
30008666.30006535 0
30008666.30000077 0
30008775.39999031 0
30008775.30002532 0
30008775.30004701 1
30008775.30002981 0
30008775.30003646 0
30008775.30003002 0
30008775.30003649 0
30008775.30007192 0
30008775.30002989 1
30008775.30007858 0
30008775.30008142 0
30008775.30003000 1
30008775.30002991 1
30008775.30008173 0
30008775.30006465 0
30008775.30003020 0
30008775.30003813 0
30008775.30005146 0
30008775.30007097 0
30008775.30007008 0
30008775.30002990 1
30008775.30002962 1
30008775.30003006 1
30008775.30005483 0
30008775.30005002 0
30008775.30006719 0
30008775.30001483 1
30008775.30007348 0
30008775.30004646 1
30008775.30005139 0
30008775.30006671 0
30008775.30003018 1
30008775.30007662 0
30008775.30008728 0
30008775.30008083 0
30008775.30007169 0
30008775.30006774 0
30008775.30008666 0
30008775.30008775 1
30008775.30008699 0
30008775.30008347 1
30008775.30008774 1
30008775.30003818 0
30008775.30008624 0
30008775.30008654 0
30008775.30007897 0
30008775.30008444 0
30008775.30008348 1
30008775.30002978 0
30008775.30002979 1
30008775.30002985 0
30008775.30002141 0
30008775.30000547 1
30008775.30000414 0
30008775.30006535 0
30008775.30000077 1
30008699.39999031 1
30008699.30002532 1
30008699.30004701 0
30008699.30002981 1
30008699.30003646 1
30008699.30003002 0
30008699.30003649 0
30008699.30007192 0
30008699.30002989 0
30008699.30007858 0
30008699.30008142 0
30008699.30003000 0
30008699.30002991 0
30008699.30008173 0
30008699.30006465 0
30008699.30003020 0
30008699.30003813 0
30008699.30005146 0
30008699.30007097 1
30008699.30007008 1
30008699.30002990 0
30008699.30002962 0
30008699.30003006 0
30008699.30005483 0
30008699.30005002 0
30008699.30006719 0
30008699.30001483 0
30008699.30007348 0
30008699.30004646 0
30008699.30005139 0
30008699.30006671 0
30008699.30003018 0
30008699.30007662 1
30008699.30008728 1
30008699.30008083 0
30008699.30007169 0
30008699.30006774 0
30008699.30008666 1
30008699.30008775 0
30008699.30008699 1
30008699.30008347 0
30008699.30008774 0
30008699.30003818 0
30008699.30008624 0
30008699.30008654 0
30008699.30007897 0
30008699.30008444 0
30008699.30008348 0
30008699.30002978 0
30008699.30002979 0
30008699.30002985 0
30008699.30002141 1
30008699.30000547 0
30008699.30000414 0
30008699.30006535 0
30008699.30000077 0
30008347.39999031 0
30008347.30002532 0
30008347.30004701 1
30008347.30002981 0
30008347.30003646 0
30008347.30003002 0
30008347.30003649 0
30008347.30007192 0
30008347.30002989 1
30008347.30007858 0
30008347.30008142 1
30008347.30003000 1
30008347.30002991 1
30008347.30008173 0
30008347.30006465 0
30008347.30003020 0
30008347.30003813 0
30008347.30005146 0
30008347.30007097 0
30008347.30007008 0
30008347.30002990 1
30008347.30002962 1
30008347.30003006 1
30008347.30005483 0
30008347.30005002 0
30008347.30006719 0
30008347.30001483 1
30008347.30007348 0
30008347.30004646 1
30008347.30005139 0
30008347.30006671 0
30008347.30003018 1
30008347.30007662 0
30008347.30008728 0
30008347.30008083 0
30008347.30007169 0
30008347.30006774 0
30008347.30008666 0
30008347.30008775 1
30008347.30008699 0
30008347.30008347 1
30008347.30008774 1
30008347.30003818 0
30008347.30008624 0
30008347.30008654 0
30008347.30007897 0
30008347.30008444 0
30008347.30008348 1
30008347.30002978 0
30008347.30002979 1
30008347.30002985 0
30008347.30002141 0
30008347.30000547 1
30008347.30000414 0
30008347.30006535 0
30008347.30000077 1
30008774.39999031 0
30008774.30002532 0
30008774.30004701 1
30008774.30002981 0
30008774.30003646 0
30008774.30003002 0
30008774.30003649 0
30008774.30007192 0
30008774.30002989 1
30008774.30007858 0
30008774.30008142 0
30008774.30003000 1
30008774.30002991 1
30008774.30008173 0
30008774.30006465 0
30008774.30003020 0
30008774.30003813 0
30008774.30005146 0
30008774.30007097 0
30008774.30007008 0
30008774.30002990 1
30008774.30002962 1
30008774.30003006 1
30008774.30005483 0
30008774.30005002 0
30008774.30006719 0
30008774.30001483 1
30008774.30007348 0
30008774.30004646 1
30008774.30005139 0
30008774.30006671 0
30008774.30003018 1
30008774.30007662 0
30008774.30008728 0
30008774.30008083 0
30008774.30007169 0
30008774.30006774 0
30008774.30008666 0
30008774.30008775 1
30008774.30008699 0
30008774.30008347 1
30008774.30008774 1
30008774.30003818 0
30008774.30008624 0
30008774.30008654 0
30008774.30007897 0
30008774.30008444 0
30008774.30008348 1
30008774.30002978 0
30008774.30002979 1
30008774.30002985 0
30008774.30002141 0
30008774.30000547 1
30008774.30000414 0
30008774.30006535 0
30008774.30000077 1
30003818.39999031 0
30003818.30002532 0
30003818.30004701 1
30003818.30002981 0
30003818.30003646 0
30003818.30003002 0
30003818.30003649 0
30003818.30007192 0
30003818.30002989 1
30003818.30007858 0
30003818.30008142 0
30003818.30003000 1
30003818.30002991 1
30003818.30008173 0
30003818.30006465 0
30003818.30003020 0
30003818.30003813 0
30003818.30005146 0
30003818.30007097 0
30003818.30007008 0
30003818.30002990 1
30003818.30002962 1
30003818.30003006 0
30003818.30005483 0
30003818.30005002 0
30003818.30006719 0
30003818.30001483 1
30003818.30007348 0
30003818.30004646 0
30003818.30005139 0
30003818.30006671 0
30003818.30003018 1
30003818.30007662 0
30003818.30008728 0
30003818.30008083 1
30003818.30007169 0
30003818.30006774 0
30003818.30008666 0
30003818.30008775 1
30003818.30008699 0
30003818.30008347 0
30003818.30008774 0
30003818.30003818 1
30003818.30008624 0
30003818.30008654 0
30003818.30007897 1
30003818.30008444 0
30003818.30008348 0
30003818.30002978 0
30003818.30002979 0
30003818.30002985 0
30003818.30002141 0
30003818.30000547 1
30003818.30000414 0
30003818.30006535 0
30003818.30000077 1
30008624.39999031 0
30008624.30002532 0
30008624.30004701 0
30008624.30002981 0
30008624.30003646 0
30008624.30003002 1
30008624.30003649 1
30008624.30007192 0
30008624.30002989 0
30008624.30007858 1
30008624.30008142 0
30008624.30003000 0
30008624.30002991 0
30008624.30008173 1
30008624.30006465 1
30008624.30003020 1
30008624.30003813 1
30008624.30005146 0
30008624.30007097 0
30008624.30007008 0
30008624.30002990 0
30008624.30002962 0
30008624.30003006 0
30008624.30005483 1
30008624.30005002 1
30008624.30006719 1
30008624.30001483 0
30008624.30007348 0
30008624.30004646 0
30008624.30005139 0
30008624.30006671 1
30008624.30003018 0
30008624.30007662 0
30008624.30008728 0
30008624.30008083 0
30008624.30007169 0
30008624.30006774 0
30008624.30008666 0
30008624.30008775 0
30008624.30008699 0
30008624.30008347 0
30008624.30008774 0
30008624.30003818 0
30008624.30008624 1
30008624.30008654 1
30008624.30007897 0
30008624.30008444 1
30008624.30008348 0
30008624.30002978 1
30008624.30002979 0
30008624.30002985 1
30008624.30002141 0
30008624.30000547 0
30008624.30000414 1
30008624.30006535 1
30008624.30000077 0
30008654.39999031 0
30008654.30002532 0
30008654.30004701 0
30008654.30002981 0
30008654.30003646 0
30008654.30003002 1
30008654.30003649 0
30008654.30007192 0
30008654.30002989 0
30008654.30007858 1
30008654.30008142 0
30008654.30003000 0
30008654.30002991 0
30008654.30008173 1
30008654.30006465 1
30008654.30003020 1
30008654.30003813 1
30008654.30005146 0
30008654.30007097 0
30008654.30007008 0
30008654.30002990 0
30008654.30002962 0
30008654.30003006 0
30008654.30005483 1
30008654.30005002 1
30008654.30006719 1
30008654.30001483 0
30008654.30007348 0
30008654.30004646 0
30008654.30005139 0
30008654.30006671 1
30008654.30003018 0
30008654.30007662 0
30008654.30008728 0
30008654.30008083 0
30008654.30007169 0
30008654.30006774 0
30008654.30008666 0
30008654.30008775 0
30008654.30008699 0
30008654.30008347 0
30008654.30008774 0
30008654.30003818 0
30008654.30008624 1
30008654.30008654 0
30008654.30007897 0
30008654.30008444 1
30008654.30008348 0
30008654.30002978 1
30008654.30002979 0
30008654.30002985 1
30008654.30002141 0
30008654.30000547 0
30008654.30000414 1
30008654.30006535 1
30008654.30000077 0
30007897.39999031 0
30007897.30002532 0
30007897.30004701 1
30007897.30002981 0
30007897.30003646 0
30007897.30003002 0
30007897.30003649 0
30007897.30007192 0
30007897.30002989 1
30007897.30007858 0
30007897.30008142 0
30007897.30003000 1
30007897.30002991 1
30007897.30008173 0
30007897.30006465 0
30007897.30003020 0
30007897.30003813 0
30007897.30005146 0
30007897.30007097 0
30007897.30007008 0
30007897.30002990 1
30007897.30002962 1
30007897.30003006 0
30007897.30005483 0
30007897.30005002 0
30007897.30006719 0
30007897.30001483 1
30007897.30007348 0
30007897.30004646 0
30007897.30005139 0
30007897.30006671 0
30007897.30003018 1
30007897.30007662 0
30007897.30008728 0
30007897.30008083 1
30007897.30007169 0
30007897.30006774 0
30007897.30008666 0
30007897.30008775 1
30007897.30008699 0
30007897.30008347 0
30007897.30008774 0
30007897.30003818 1
30007897.30008624 0
30007897.30008654 0
30007897.30007897 1
30007897.30008444 0
30007897.30008348 0
30007897.30002978 0
30007897.30002979 0
30007897.30002985 0
30007897.30002141 0
30007897.30000547 1
30007897.30000414 0
30007897.30006535 0
30007897.30000077 1
30008444.39999031 0
30008444.30002532 0
30008444.30004701 0
30008444.30002981 0
30008444.30003646 0
30008444.30003002 1
30008444.30003649 1
30008444.30007192 0
30008444.30002989 0
30008444.30007858 1
30008444.30008142 0
30008444.30003000 0
30008444.30002991 0
30008444.30008173 1
30008444.30006465 1
30008444.30003020 1
30008444.30003813 1
30008444.30005146 0
30008444.30007097 0
30008444.30007008 0
30008444.30002990 0
30008444.30002962 0
30008444.30003006 0
30008444.30005483 1
30008444.30005002 1
30008444.30006719 1
30008444.30001483 0
30008444.30007348 0
30008444.30004646 0
30008444.30005139 0
30008444.30006671 1
30008444.30003018 0
30008444.30007662 0
30008444.30008728 0
30008444.30008083 0
30008444.30007169 0
30008444.30006774 0
30008444.30008666 0
30008444.30008775 0
30008444.30008699 0
30008444.30008347 0
30008444.30008774 0
30008444.30003818 0
30008444.30008624 1
30008444.30008654 1
30008444.30007897 0
30008444.30008444 1
30008444.30008348 0
30008444.30002978 1
30008444.30002979 0
30008444.30002985 1
30008444.30002141 0
30008444.30000547 0
30008444.30000414 1
30008444.30006535 1
30008444.30000077 0
30008348.39999031 0
30008348.30002532 0
30008348.30004701 1
30008348.30002981 0
30008348.30003646 0
30008348.30003002 0
30008348.30003649 0
30008348.30007192 0
30008348.30002989 1
30008348.30007858 0
30008348.30008142 0
30008348.30003000 1
30008348.30002991 1
30008348.30008173 0
30008348.30006465 0
30008348.30003020 0
30008348.30003813 0
30008348.30005146 0
30008348.30007097 0
30008348.30007008 0
30008348.30002990 1
30008348.30002962 1
30008348.30003006 1
30008348.30005483 0
30008348.30005002 0
30008348.30006719 0
30008348.30001483 1
30008348.30007348 0
30008348.30004646 1
30008348.30005139 0
30008348.30006671 0
30008348.30003018 1
30008348.30007662 0
30008348.30008728 0
30008348.30008083 0
30008348.30007169 0
30008348.30006774 0
30008348.30008666 0
30008348.30008775 1
30008348.30008699 0
30008348.30008347 1
30008348.30008774 1
30008348.30003818 0
30008348.30008624 0
30008348.30008654 0
30008348.30007897 0
30008348.30008444 0
30008348.30008348 1
30008348.30002978 0
30008348.30002979 1
30008348.30002985 0
30008348.30002141 0
30008348.30000547 1
30008348.30000414 0
30008348.30006535 0
30008348.30000077 1
30002978.39999031 0
30002978.30002532 0
30002978.30004701 0
30002978.30002981 0
30002978.30003646 0
30002978.30003002 1
30002978.30003649 1
30002978.30007192 0
30002978.30002989 0
30002978.30007858 1
30002978.30008142 0
30002978.30003000 0
30002978.30002991 0
30002978.30008173 1
30002978.30006465 1
30002978.30003020 1
30002978.30003813 1
30002978.30005146 0
30002978.30007097 0
30002978.30007008 0
30002978.30002990 0
30002978.30002962 0
30002978.30003006 0
30002978.30005483 1
30002978.30005002 1
30002978.30006719 1
30002978.30001483 0
30002978.30007348 0
30002978.30004646 0
30002978.30005139 0
30002978.30006671 1
30002978.30003018 0
30002978.30007662 0
30002978.30008728 0
30002978.30008083 0
30002978.30007169 0
30002978.30006774 0
30002978.30008666 0
30002978.30008775 0
30002978.30008699 0
30002978.30008347 0
30002978.30008774 0
30002978.30003818 0
30002978.30008624 1
30002978.30008654 1
30002978.30007897 0
30002978.30008444 1
30002978.30008348 0
30002978.30002978 1
30002978.30002979 0
30002978.30002985 1
30002978.30002141 0
30002978.30000547 0
30002978.30000414 1
30002978.30006535 1
30002978.30000077 0
30002979.39999031 0
30002979.30002532 0
30002979.30004701 1
30002979.30002981 0
30002979.30003646 0
30002979.30003002 0
30002979.30003649 0
30002979.30007192 0
30002979.30002989 1
30002979.30007858 0
30002979.30008142 0
30002979.30003000 1
30002979.30002991 1
30002979.30008173 0
30002979.30006465 0
30002979.30003020 0
30002979.30003813 0
30002979.30005146 0
30002979.30007097 0
30002979.30007008 0
30002979.30002990 1
30002979.30002962 1
30002979.30003006 1
30002979.30005483 0
30002979.30005002 0
30002979.30006719 0
30002979.30001483 1
30002979.30007348 0
30002979.30004646 1
30002979.30005139 0
30002979.30006671 0
30002979.30003018 1
30002979.30007662 0
30002979.30008728 0
30002979.30008083 0
30002979.30007169 0
30002979.30006774 0
30002979.30008666 0
30002979.30008775 1
30002979.30008699 0
30002979.30008347 1
30002979.30008774 1
30002979.30003818 0
30002979.30008624 0
30002979.30008654 0
30002979.30007897 0
30002979.30008444 0
30002979.30008348 1
30002979.30002978 0
30002979.30002979 1
30002979.30002985 0
30002979.30002141 0
30002979.30000547 1
30002979.30000414 0
30002979.30006535 0
30002979.30000077 1
30002985.39999031 0
30002985.30002532 0
30002985.30004701 0
30002985.30002981 0
30002985.30003646 0
30002985.30003002 1
30002985.30003649 1
30002985.30007192 0
30002985.30002989 0
30002985.30007858 1
30002985.30008142 0
30002985.30003000 0
30002985.30002991 0
30002985.30008173 1
30002985.30006465 1
30002985.30003020 1
30002985.30003813 1
30002985.30005146 0
30002985.30007097 0
30002985.30007008 0
30002985.30002990 0
30002985.30002962 0
30002985.30003006 0
30002985.30005483 1
30002985.30005002 1
30002985.30006719 1
30002985.30001483 0
30002985.30007348 0
30002985.30004646 0
30002985.30005139 0
30002985.30006671 1
30002985.30003018 0
30002985.30007662 0
30002985.30008728 0
30002985.30008083 0
30002985.30007169 0
30002985.30006774 0
30002985.30008666 0
30002985.30008775 0
30002985.30008699 0
30002985.30008347 0
30002985.30008774 0
30002985.30003818 0
30002985.30008624 1
30002985.30008654 1
30002985.30007897 0
30002985.30008444 1
30002985.30008348 0
30002985.30002978 1
30002985.30002979 0
30002985.30002985 1
30002985.30002141 0
30002985.30000547 0
30002985.30000414 1
30002985.30006535 1
30002985.30000077 0
30002141.39999031 0
30002141.30002532 0
30002141.30004701 0
30002141.30002981 1
30002141.30003646 0
30002141.30003002 0
30002141.30003649 0
30002141.30007192 0
30002141.30002989 0
30002141.30007858 0
30002141.30008142 0
30002141.30003000 0
30002141.30002991 0
30002141.30008173 0
30002141.30006465 0
30002141.30003020 0
30002141.30003813 0
30002141.30005146 0
30002141.30007097 0
30002141.30007008 0
30002141.30002990 0
30002141.30002962 0
30002141.30003006 0
30002141.30005483 0
30002141.30005002 0
30002141.30006719 0
30002141.30001483 0
30002141.30007348 0
30002141.30004646 0
30002141.30005139 0
30002141.30006671 0
30002141.30003018 0
30002141.30007662 0
30002141.30008728 1
30002141.30008083 0
30002141.30007169 0
30002141.30006774 0
30002141.30008666 1
30002141.30008775 0
30002141.30008699 1
30002141.30008347 0
30002141.30008774 0
30002141.30003818 0
30002141.30008624 0
30002141.30008654 0
30002141.30007897 0
30002141.30008444 0
30002141.30008348 0
30002141.30002978 0
30002141.30002979 0
30002141.30002985 0
30002141.30002141 1
30002141.30000547 0
30002141.30000414 0
30002141.30006535 0
30002141.30000077 0
30000547.39999031 0
30000547.30002532 0
30000547.30004701 1
30000547.30002981 0
30000547.30003646 0
30000547.30003002 0
30000547.30003649 0
30000547.30007192 0
30000547.30002989 1
30000547.30007858 0
30000547.30008142 1
30000547.30003000 1
30000547.30002991 1
30000547.30008173 0
30000547.30006465 0
30000547.30003020 0
30000547.30003813 0
30000547.30005146 0
30000547.30007097 0
30000547.30007008 0
30000547.30002990 1
30000547.30002962 1
30000547.30003006 1
30000547.30005483 0
30000547.30005002 0
30000547.30006719 0
30000547.30001483 1
30000547.30007348 0
30000547.30004646 1
30000547.30005139 1
30000547.30006671 0
30000547.30003018 1
30000547.30007662 0
30000547.30008728 0
30000547.30008083 1
30000547.30007169 0
30000547.30006774 0
30000547.30008666 0
30000547.30008775 1
30000547.30008699 0
30000547.30008347 1
30000547.30008774 1
30000547.30003818 1
30000547.30008624 0
30000547.30008654 0
30000547.30007897 1
30000547.30008444 0
30000547.30008348 1
30000547.30002978 0
30000547.30002979 1
30000547.30002985 0
30000547.30002141 0
30000547.30000547 1
30000547.30000414 0
30000547.30006535 0
30000547.30000077 1
30000414.39999031 0
30000414.30002532 0
30000414.30004701 0
30000414.30002981 0
30000414.30003646 0
30000414.30003002 1
30000414.30003649 1
30000414.30007192 0
30000414.30002989 0
30000414.30007858 1
30000414.30008142 0
30000414.30003000 0
30000414.30002991 0
30000414.30008173 1
30000414.30006465 1
30000414.30003020 1
30000414.30003813 1
30000414.30005146 0
30000414.30007097 0
30000414.30007008 0
30000414.30002990 0
30000414.30002962 0
30000414.30003006 0
30000414.30005483 1
30000414.30005002 1
30000414.30006719 1
30000414.30001483 0
30000414.30007348 0
30000414.30004646 0
30000414.30005139 0
30000414.30006671 1
30000414.30003018 0
30000414.30007662 0
30000414.30008728 0
30000414.30008083 0
30000414.30007169 0
30000414.30006774 0
30000414.30008666 0
30000414.30008775 0
30000414.30008699 0
30000414.30008347 0
30000414.30008774 0
30000414.30003818 0
30000414.30008624 1
30000414.30008654 1
30000414.30007897 0
30000414.30008444 1
30000414.30008348 0
30000414.30002978 1
30000414.30002979 0
30000414.30002985 1
30000414.30002141 0
30000414.30000547 0
30000414.30000414 1
30000414.30006535 1
30000414.30000077 0
30006535.39999031 0
30006535.30002532 0
30006535.30004701 0
30006535.30002981 0
30006535.30003646 0
30006535.30003002 1
30006535.30003649 1
30006535.30007192 0
30006535.30002989 0
30006535.30007858 1
30006535.30008142 0
30006535.30003000 0
30006535.30002991 0
30006535.30008173 1
30006535.30006465 1
30006535.30003020 1
30006535.30003813 1
30006535.30005146 0
30006535.30007097 0
30006535.30007008 0
30006535.30002990 0
30006535.30002962 0
30006535.30003006 0
30006535.30005483 1
30006535.30005002 1
30006535.30006719 1
30006535.30001483 0
30006535.30007348 0
30006535.30004646 0
30006535.30005139 0
30006535.30006671 1
30006535.30003018 0
30006535.30007662 0
30006535.30008728 0
30006535.30008083 0
30006535.30007169 0
30006535.30006774 0
30006535.30008666 0
30006535.30008775 0
30006535.30008699 0
30006535.30008347 0
30006535.30008774 0
30006535.30003818 0
30006535.30008624 1
30006535.30008654 1
30006535.30007897 0
30006535.30008444 1
30006535.30008348 0
30006535.30002978 1
30006535.30002979 0
30006535.30002985 1
30006535.30002141 0
30006535.30000547 0
30006535.30000414 1
30006535.30006535 1
30006535.30000077 0
30000077.39999031 0
30000077.30002532 0
30000077.30004701 1
30000077.30002981 0
30000077.30003646 0
30000077.30003002 0
30000077.30003649 0
30000077.30007192 0
30000077.30002989 1
30000077.30007858 0
30000077.30008142 1
30000077.30003000 1
30000077.30002991 1
30000077.30008173 0
30000077.30006465 0
30000077.30003020 0
30000077.30003813 0
30000077.30005146 0
30000077.30007097 0
30000077.30007008 0
30000077.30002990 1
30000077.30002962 1
30000077.30003006 1
30000077.30005483 0
30000077.30005002 0
30000077.30006719 0
30000077.30001483 1
30000077.30007348 0
30000077.30004646 1
30000077.30005139 1
30000077.30006671 0
30000077.30003018 1
30000077.30007662 0
30000077.30008728 0
30000077.30008083 1
30000077.30007169 0
30000077.30006774 0
30000077.30008666 0
30000077.30008775 1
30000077.30008699 0
30000077.30008347 1
30000077.30008774 1
30000077.30003818 1
30000077.30008624 0
30000077.30008654 0
30000077.30007897 1
30000077.30008444 0
30000077.30008348 1
30000077.30002978 0
30000077.30002979 1
30000077.30002985 0
30000077.30002141 0
30000077.30000547 1
30000077.30000414 0
30000077.30006535 0
30000077.30000077 1
