39999031
30002532
30004701
30002981
30003646
30003002
30003649
30007192
30002989
30007858
30008142
30003000
30002991
30008173
30006465
30003020
30003813
30005146
30007097
30007008
30002990
30002962
30003006
30005483
30005002
30006719
30001483
30007348
30004646
30005139
30006671
30003018
30007662
30008728
30008083
30007169
30006774
30008666
30008775
30008699
30008347
30008774
30003818
30008624
30008654
30007897
30008444
30008348
30002978
30002979
30002985
30002141
30000547
30000414
30006535
30000077
