39999031 0.22
30002532 0.25
30004701 0.2
30002981 0.13
30003646 0.25
30003002 0.17
30003649 0.11
30007192 0.48
30002989 0.2
30007858 0.2
30008142 0.51
30003000 0.2
30002991 0.08
30008173 0.19
30006465 0.19
30003020 0.19
30003813 0.2
30005146 0.38
30007097 0.22
30007008 0.16
30002990 0.08
30002962 0.22
30003006 0.41
30005483 0.2
30005002 0.2
30006719 0.21
30001483 0.25
30007348 0.18
30004646 0.32
30005139 0.22
30006671 0.2
30003018 0.1
30007662 0.23
30008728 0.3
30008083 0.59
30007169 0.34
30006774 0.19
30008666 0.3
30008775 0.48
30008699 0.3
30008347 0.3
30008774 0.48
30003818 0.59
30008624 0.34
30008654 0.59
30007897 0.59
30008444 0.24
30008348 0.34
30002978 0.24
30002979 0.34
30002985 0.24
30002141 0.3
30000547 0.25
30000414 0.24
30006535 0.34
30000077 0.34
